#labels: C_lower[1] C_center[2] C_upper[3] tot_scale01[4] tot_scale01_Err[5]
#neval: 759000000
#overflow:lower center upper 0.00000000000E+00 0.00000000000E+00 
0.00000000000E+00 2.50000000000E-02 5.00000000000E-02 3.86905308556E+03 1.76419087546E+01 
5.00000000000E-02 7.50000000000E-02 1.00000000000E-01 -5.23399760287E+07 1.00604419441E+04 
1.00000000000E-01 1.25000000000E-01 1.50000000000E-01 -2.29204677541E+07 5.22443323082E+03 
1.50000000000E-01 1.75000000000E-01 2.00000000000E-01 -1.31760833864E+07 3.71351870015E+03 
2.00000000000E-01 2.25000000000E-01 2.50000000000E-01 -8.59287224178E+06 2.89527073004E+03 
2.50000000000E-01 2.75000000000E-01 3.00000000000E-01 -6.03646251473E+06 2.38210112528E+03 
3.00000000000E-01 3.25000000000E-01 3.50000000000E-01 -4.45311753446E+06 2.03040325450E+03 
3.50000000000E-01 3.75000000000E-01 4.00000000000E-01 -3.40117799559E+06 1.75028059362E+03 
4.00000000000E-01 4.25000000000E-01 4.50000000000E-01 -2.66486296696E+06 1.53662611433E+03 
4.50000000000E-01 4.75000000000E-01 5.00000000000E-01 -2.13139556959E+06 1.38090650447E+03 
5.00000000000E-01 5.25000000000E-01 5.50000000000E-01 -1.73129677513E+06 1.25253430373E+03 
5.50000000000E-01 5.75000000000E-01 6.00000000000E-01 -1.42257198386E+06 1.14324463414E+03 
6.00000000000E-01 6.25000000000E-01 6.50000000000E-01 -1.18473575580E+06 1.05345577714E+03 
6.50000000000E-01 6.75000000000E-01 7.00000000000E-01 -9.93539818850E+05 9.95403471614E+02 
7.00000000000E-01 7.25000000000E-01 7.50000000000E-01 -8.37880865031E+05 9.73218800400E+02 
7.50000000000E-01 7.75000000000E-01 8.00000000000E-01 3.27416432836E+05 6.15964809419E+02 
8.00000000000E-01 8.25000000000E-01 8.50000000000E-01 9.60340247858E+04 3.80024014374E+02 
8.50000000000E-01 8.75000000000E-01 9.00000000000E-01 3.62772787299E+04 2.85509154044E+02 
9.00000000000E-01 9.25000000000E-01 9.50000000000E-01 1.16805060257E+04 2.11712405813E+02 
9.50000000000E-01 9.75000000000E-01 1.00000000000E+00 1.87673277362E+03 9.78415357600E+01 
#nx: 3
