#labels: C_lower[1] C_center[2] C_upper[3] tot_scale01[4] tot_scale01_Err[5]
#neval: 75900000
#overflow:lower center upper 0.00000000000E+00 0.00000000000E+00 
0.00000000000E+00 2.50000000000E-02 5.00000000000E-02 -4.73820619315E+05 1.66279959982E+03 
5.00000000000E-02 7.50000000000E-02 1.00000000000E-01 8.18046869306E+06 2.67879066789E+04 
1.00000000000E-01 1.25000000000E-01 1.50000000000E-01 1.53095255165E+06 1.59279348168E+04 
1.50000000000E-01 1.75000000000E-01 2.00000000000E-01 1.03248819227E+05 1.21774455781E+04 
2.00000000000E-01 2.25000000000E-01 2.50000000000E-01 -3.40915016087E+05 9.71740964681E+03 
2.50000000000E-01 2.75000000000E-01 3.00000000000E-01 -4.67737608022E+05 7.85504609841E+03 
3.00000000000E-01 3.25000000000E-01 3.50000000000E-01 -4.76753946354E+05 6.83247989097E+03 
3.50000000000E-01 3.75000000000E-01 4.00000000000E-01 -4.78123091582E+05 5.97415714578E+03 
4.00000000000E-01 4.25000000000E-01 4.50000000000E-01 -4.44225069577E+05 4.99755219707E+03 
4.50000000000E-01 4.75000000000E-01 5.00000000000E-01 -4.02208525319E+05 4.46999700409E+03 
5.00000000000E-01 5.25000000000E-01 5.50000000000E-01 -3.65467620102E+05 3.82788778703E+03 
5.50000000000E-01 5.75000000000E-01 6.00000000000E-01 -3.28511999630E+05 3.33006103174E+03 
6.00000000000E-01 6.25000000000E-01 6.50000000000E-01 -2.95953259038E+05 2.88337269951E+03 
6.50000000000E-01 6.75000000000E-01 7.00000000000E-01 -2.74344456237E+05 2.35106944141E+03 
7.00000000000E-01 7.25000000000E-01 7.50000000000E-01 -2.39732851238E+05 1.88454190490E+03 
7.50000000000E-01 7.75000000000E-01 8.00000000000E-01 -3.62855335297E+05 1.38119064662E+03 
8.00000000000E-01 8.25000000000E-01 8.50000000000E-01 -9.13041168318E+04 8.45586145618E+02 
8.50000000000E-01 8.75000000000E-01 9.00000000000E-01 -3.34083952773E+04 5.74430127987E+02 
9.00000000000E-01 9.25000000000E-01 9.50000000000E-01 -1.11216026939E+04 3.77586179117E+02 
9.50000000000E-01 9.75000000000E-01 1.00000000000E+00 -2.04360660871E+03 2.03975610286E+02 
#nx: 3
