#labels: C_lower[1] C_center[2] C_upper[3] tot_scale01[4] tot_scale01_Err[5]
#neval: 828000000
#overflow:lower center upper 0.00000000000E+00 0.00000000000E+00 
0.00000000000E+00 2.50000000000E-02 5.00000000000E-02 4.28739758556E+06 1.70153679870E+04 
5.00000000000E-02 7.50000000000E-02 1.00000000000E-01 2.92461755744E+08 1.84644907035E+05 
1.00000000000E-01 1.25000000000E-01 1.50000000000E-01 1.56985191332E+08 1.38854966469E+05 
1.50000000000E-01 1.75000000000E-01 2.00000000000E-01 1.02020265894E+08 1.12383941486E+05 
2.00000000000E-01 2.25000000000E-01 2.50000000000E-01 7.26299035801E+07 9.24728311589E+04 
2.50000000000E-01 2.75000000000E-01 3.00000000000E-01 5.46951303564E+07 7.94768655185E+04 
3.00000000000E-01 3.25000000000E-01 3.50000000000E-01 4.28561825645E+07 7.05481883238E+04 
3.50000000000E-01 3.75000000000E-01 4.00000000000E-01 3.42662447854E+07 6.29894753580E+04 
4.00000000000E-01 4.25000000000E-01 4.50000000000E-01 2.82085624069E+07 5.72683325717E+04 
4.50000000000E-01 4.75000000000E-01 5.00000000000E-01 2.34858341110E+07 5.23345617739E+04 
5.00000000000E-01 5.25000000000E-01 5.50000000000E-01 1.95816124116E+07 4.70771921669E+04 
5.50000000000E-01 5.75000000000E-01 6.00000000000E-01 1.67505406246E+07 4.46135295527E+04 
6.00000000000E-01 6.25000000000E-01 6.50000000000E-01 1.44555878961E+07 4.12221788764E+04 
6.50000000000E-01 6.75000000000E-01 7.00000000000E-01 1.24543983077E+07 3.73643844359E+04 
7.00000000000E-01 7.25000000000E-01 7.50000000000E-01 1.08301307283E+07 3.60654188626E+04 
7.50000000000E-01 7.75000000000E-01 8.00000000000E-01 5.04819278773E+06 2.78767802676E+04 
8.00000000000E-01 8.25000000000E-01 8.50000000000E-01 1.07949994016E+06 1.49457316667E+04 
8.50000000000E-01 8.75000000000E-01 9.00000000000E-01 3.70749504316E+05 1.02071994215E+04 
9.00000000000E-01 9.25000000000E-01 9.50000000000E-01 1.26144128484E+05 6.59166240977E+03 
9.50000000000E-01 9.75000000000E-01 1.00000000000E+00 1.92356930773E+04 2.94220395546E+03 
#nx: 3
