#labels: C_lower[1] C_center[2] C_upper[3] tot_scale01[4] tot_scale01_Err[5]
#neval: 1627800000
#overflow:lower center upper 0.00000000000E+00 0.00000000000E+00 
0.00000000000E+00 2.50000000000E-02 5.00000000000E-02 -2.50111503840E+06 9.75218336860E+03 
5.00000000000E-02 7.50000000000E-02 1.00000000000E-01 -1.21756135409E+08 3.30135565968E+05 
1.00000000000E-01 1.25000000000E-01 1.50000000000E-01 -5.83707117569E+07 2.08969668101E+05 
1.50000000000E-01 1.75000000000E-01 2.00000000000E-01 -3.47571938775E+07 1.44298665584E+05 
2.00000000000E-01 2.25000000000E-01 2.50000000000E-01 -2.33170461081E+07 1.60426521994E+05 
2.50000000000E-01 2.75000000000E-01 3.00000000000E-01 -1.65959352284E+07 8.07719602324E+04 
3.00000000000E-01 3.25000000000E-01 3.50000000000E-01 -1.24402438141E+07 8.16297144528E+04 
3.50000000000E-01 3.75000000000E-01 4.00000000000E-01 -9.42025353802E+06 8.01064106208E+04 
4.00000000000E-01 4.25000000000E-01 4.50000000000E-01 -7.52230013981E+06 6.21199496224E+04 
4.50000000000E-01 4.75000000000E-01 5.00000000000E-01 -5.98527618337E+06 4.78081451879E+04 
5.00000000000E-01 5.25000000000E-01 5.50000000000E-01 -4.88668676805E+06 4.60178224425E+04 
5.50000000000E-01 5.75000000000E-01 6.00000000000E-01 -4.02585579799E+06 4.89566986415E+04 
6.00000000000E-01 6.25000000000E-01 6.50000000000E-01 -3.28382413988E+06 3.05994794056E+04 
6.50000000000E-01 6.75000000000E-01 7.00000000000E-01 -2.74932111551E+06 2.77988757767E+04 
7.00000000000E-01 7.25000000000E-01 7.50000000000E-01 -2.28090951149E+06 3.27666066258E+04 
7.50000000000E-01 7.75000000000E-01 8.00000000000E-01 -1.44192112386E+06 1.29195840917E+04 
8.00000000000E-01 8.25000000000E-01 8.50000000000E-01 -1.21513087521E+05 5.38161830529E+03 
8.50000000000E-01 8.75000000000E-01 9.00000000000E-01 -3.56364088167E+04 1.72313541465E+03 
9.00000000000E-01 9.25000000000E-01 9.50000000000E-01 -1.08772936946E+04 8.89371751848E+02 
9.50000000000E-01 9.75000000000E-01 1.00000000000E+00 -1.33805973048E+03 3.61854988925E+02 
#nx: 3
