#labels: C_lower[1] C_center[2] C_upper[3] tot_scale01[4] tot_scale01_Err[5]
#neval: 2423700000
#overflow:lower center upper 0.00000000000E+00 0.00000000000E+00 
0.00000000000E+00 2.50000000000E-02 5.00000000000E-02 4.10431395666E+05 4.54363946842E+03 
5.00000000000E-02 7.50000000000E-02 1.00000000000E-01 2.19069313771E+07 5.13493045185E+04 
1.00000000000E-01 1.25000000000E-01 1.50000000000E-01 5.72199839357E+06 3.37489413230E+04 
1.50000000000E-01 1.75000000000E-01 2.00000000000E-01 1.69820641142E+06 2.64262283042E+04 
2.00000000000E-01 2.25000000000E-01 2.50000000000E-01 2.21692905757E+05 1.87135914833E+04 
2.50000000000E-01 2.75000000000E-01 3.00000000000E-01 -3.19557793925E+05 1.52713912029E+04 
3.00000000000E-01 3.25000000000E-01 3.50000000000E-01 -5.74973065110E+05 1.46218321616E+04 
3.50000000000E-01 3.75000000000E-01 4.00000000000E-01 -6.68980641357E+05 1.11080528082E+04 
4.00000000000E-01 4.25000000000E-01 4.50000000000E-01 -6.76134535732E+05 9.58040744512E+03 
4.50000000000E-01 4.75000000000E-01 5.00000000000E-01 -6.56660615608E+05 8.70991397269E+03 
5.00000000000E-01 5.25000000000E-01 5.50000000000E-01 -6.23924486836E+05 6.95249756352E+03 
5.50000000000E-01 5.75000000000E-01 6.00000000000E-01 -5.77682415302E+05 6.27341094043E+03 
6.00000000000E-01 6.25000000000E-01 6.50000000000E-01 -5.33489368060E+05 5.41369847066E+03 
6.50000000000E-01 6.75000000000E-01 7.00000000000E-01 -4.85735818222E+05 4.28315774771E+03 
7.00000000000E-01 7.25000000000E-01 7.50000000000E-01 -4.41389556274E+05 3.71360661794E+03 
7.50000000000E-01 7.75000000000E-01 8.00000000000E-01 -6.45455469029E+05 2.48965635305E+03 
8.00000000000E-01 8.25000000000E-01 8.50000000000E-01 -2.32617750027E+05 1.41207957504E+03 
8.50000000000E-01 8.75000000000E-01 9.00000000000E-01 -8.81874773816E+04 9.27134311980E+02 
9.00000000000E-01 9.25000000000E-01 9.50000000000E-01 -2.79421010699E+04 5.28625659474E+02 
9.50000000000E-01 9.75000000000E-01 1.00000000000E+00 -4.49591641172E+03 2.51921849453E+02 
#nx: 3
