#labels: C_lower[1] C_center[2] C_upper[3] tot_scale01[4] tot_scale01_Err[5]
#neval: 1612900000
#overflow:lower center upper 0.00000000000E+00 0.00000000000E+00 
0.00000000000E+00 2.50000000000E-02 5.00000000000E-02 2.77523145477E+05 1.29553842554E+03 
5.00000000000E-02 7.50000000000E-02 1.00000000000E-01 -2.09346816270E+06 4.56392998912E+04 
1.00000000000E-01 1.25000000000E-01 1.50000000000E-01 1.22757732501E+05 2.49169140159E+04 
1.50000000000E-01 1.75000000000E-01 2.00000000000E-01 3.83807901126E+05 1.76039493827E+04 
2.00000000000E-01 2.25000000000E-01 2.50000000000E-01 4.65628470374E+05 2.06740594984E+04 
2.50000000000E-01 2.75000000000E-01 3.00000000000E-01 3.66152765417E+05 1.06392205826E+04 
3.00000000000E-01 3.25000000000E-01 3.50000000000E-01 3.18946270574E+05 9.55401332142E+03 
3.50000000000E-01 3.75000000000E-01 4.00000000000E-01 2.86598552361E+05 8.22916146406E+03 
4.00000000000E-01 4.25000000000E-01 4.50000000000E-01 2.36902289025E+05 9.17649992379E+03 
4.50000000000E-01 4.75000000000E-01 5.00000000000E-01 1.95051731545E+05 8.29862090238E+03 
5.00000000000E-01 5.25000000000E-01 5.50000000000E-01 1.64684616641E+05 4.49456938532E+03 
5.50000000000E-01 5.75000000000E-01 6.00000000000E-01 1.48647223322E+05 4.69308857523E+03 
6.00000000000E-01 6.25000000000E-01 6.50000000000E-01 1.20183484309E+05 3.41427063173E+03 
6.50000000000E-01 6.75000000000E-01 7.00000000000E-01 1.10291757644E+05 3.38152695728E+03 
7.00000000000E-01 7.25000000000E-01 7.50000000000E-01 9.80758858693E+04 4.50463146029E+03 
7.50000000000E-01 7.75000000000E-01 8.00000000000E-01 1.35710505170E+05 9.52988414275E+02 
8.00000000000E-01 8.25000000000E-01 8.50000000000E-01 2.32260608310E+04 4.23361870553E+02 
8.50000000000E-01 8.75000000000E-01 9.00000000000E-01 8.44626334685E+03 2.66175088465E+02 
9.00000000000E-01 9.25000000000E-01 9.50000000000E-01 2.49983814639E+03 1.53660492926E+02 
9.50000000000E-01 9.75000000000E-01 1.00000000000E+00 4.09270363148E+02 5.15306286708E+01 
#nx: 3
