#labels: C_lower[1] C_center[2] C_upper[3] tot_scale01[4] tot_scale01_Err[5]
#neval: 868800000
#overflow:lower center upper 0.00000000000E+00 0.00000000000E+00 
0.00000000000E+00 2.50000000000E-02 5.00000000000E-02 -2.50498409149E+06 9.75216741129E+03 
5.00000000000E-02 7.50000000000E-02 1.00000000000E-01 -6.94161593799E+07 3.29982241075E+05 
1.00000000000E-01 1.25000000000E-01 1.50000000000E-01 -3.54502440028E+07 2.08904350083E+05 
1.50000000000E-01 1.75000000000E-01 2.00000000000E-01 -2.15811104910E+07 1.44250874064E+05 
2.00000000000E-01 2.25000000000E-01 2.50000000000E-01 -1.47241738663E+07 1.60400393910E+05 
2.50000000000E-01 2.75000000000E-01 3.00000000000E-01 -1.05594727137E+07 8.07368265045E+04 
3.00000000000E-01 3.25000000000E-01 3.50000000000E-01 -7.98712627964E+06 8.16044590955E+04 
3.50000000000E-01 3.75000000000E-01 4.00000000000E-01 -6.01907554243E+06 8.00872870086E+04 
4.00000000000E-01 4.25000000000E-01 4.50000000000E-01 -4.85743717285E+06 6.21009413879E+04 
4.50000000000E-01 4.75000000000E-01 5.00000000000E-01 -3.85388061378E+06 4.77881977431E+04 
5.00000000000E-01 5.25000000000E-01 5.50000000000E-01 -3.15538999292E+06 4.60007732562E+04 
5.50000000000E-01 5.75000000000E-01 6.00000000000E-01 -2.60328381414E+06 4.89433482057E+04 
6.00000000000E-01 6.25000000000E-01 6.50000000000E-01 -2.09908838409E+06 3.05813402390E+04 
6.50000000000E-01 6.75000000000E-01 7.00000000000E-01 -1.75578129666E+06 2.77810486911E+04 
7.00000000000E-01 7.25000000000E-01 7.50000000000E-01 -1.44302864646E+06 3.27521503864E+04 
7.50000000000E-01 7.75000000000E-01 8.00000000000E-01 -1.76933755670E+06 1.29048921134E+04 
8.00000000000E-01 8.25000000000E-01 8.50000000000E-01 -2.17547112307E+05 5.36818380203E+03 
8.50000000000E-01 8.75000000000E-01 9.00000000000E-01 -7.19136875466E+04 1.69931756308E+03 
9.00000000000E-01 9.25000000000E-01 9.50000000000E-01 -2.25577997203E+04 8.63805516428E+02 
9.50000000000E-01 9.75000000000E-01 1.00000000000E+00 -3.21479250410E+03 3.48376329406E+02 
#nx: 3
