#labels: C_lower[1] C_center[2] C_upper[3] tot_scale01[4] tot_scale01_Err[5]
#neval: 1178800000
#overflow:lower center upper 0.00000000000E+00 0.00000000000E+00 
0.00000000000E+00 2.50000000000E-02 5.00000000000E-02 -4.52946975669E+05 2.14218834680E+03 
5.00000000000E-02 7.50000000000E-02 1.00000000000E-01 -3.74447610715E+06 2.03458579809E+04 
1.00000000000E-01 1.25000000000E-01 1.50000000000E-01 -1.75214008900E+06 1.39466296024E+04 
1.50000000000E-01 1.75000000000E-01 2.00000000000E-01 -8.89583607993E+05 1.07861833541E+04 
2.00000000000E-01 2.25000000000E-01 2.50000000000E-01 -5.23482546445E+05 7.93033238308E+03 
2.50000000000E-01 2.75000000000E-01 3.00000000000E-01 -3.24376275121E+05 6.38525645050E+03 
3.00000000000E-01 3.25000000000E-01 3.50000000000E-01 -1.97650109426E+05 5.53578055285E+03 
3.50000000000E-01 3.75000000000E-01 4.00000000000E-01 -1.21378809139E+05 4.59361947551E+03 
4.00000000000E-01 4.25000000000E-01 4.50000000000E-01 -7.61583921182E+04 3.74916223616E+03 
4.50000000000E-01 4.75000000000E-01 5.00000000000E-01 -4.64216002591E+04 3.17946341528E+03 
5.00000000000E-01 5.25000000000E-01 5.50000000000E-01 -1.67379552038E+04 2.60631838628E+03 
5.50000000000E-01 5.75000000000E-01 6.00000000000E-01 -3.67060185735E+03 2.10481175451E+03 
6.00000000000E-01 6.25000000000E-01 6.50000000000E-01 -1.07209493017E+03 1.80449464552E+03 
6.50000000000E-01 6.75000000000E-01 7.00000000000E-01 8.98359507258E+03 1.31883452964E+03 
7.00000000000E-01 7.25000000000E-01 7.50000000000E-01 1.03488397707E+04 1.00915324211E+03 
7.50000000000E-01 7.75000000000E-01 8.00000000000E-01 1.94749162151E+04 6.60269193069E+02 
8.00000000000E-01 8.25000000000E-01 8.50000000000E-01 2.67808095296E+04 3.67450047881E+02 
8.50000000000E-01 8.75000000000E-01 9.00000000000E-01 1.11725007660E+04 1.98288893893E+02 
9.00000000000E-01 9.25000000000E-01 9.50000000000E-01 3.89648284032E+03 1.16879606261E+02 
9.50000000000E-01 9.75000000000E-01 1.00000000000E+00 5.80382947345E+02 2.64143612224E+01 
#nx: 3
