#labels: C_lower[1] C_center[2] C_upper[3] tot_scale01[4] tot_scale01_Err[5]
#neval: 138000000
#overflow:lower center upper 0.00000000000E+00 0.00000000000E+00 
0.00000000000E+00 2.50000000000E-02 5.00000000000E-02 -1.90571548808E+03 9.78165362446E+00 
5.00000000000E-02 7.50000000000E-02 1.00000000000E-01 1.31047043215E+07 4.70095144968E+03 
1.00000000000E-01 1.25000000000E-01 1.50000000000E-01 5.05908663296E+06 2.45753694018E+03 
1.50000000000E-01 1.75000000000E-01 2.00000000000E-01 2.66286640658E+06 1.74810185327E+03 
2.00000000000E-01 2.25000000000E-01 2.50000000000E-01 1.61783339657E+06 1.32487493076E+03 
2.50000000000E-01 2.75000000000E-01 3.00000000000E-01 1.06996467286E+06 1.09125263212E+03 
3.00000000000E-01 3.25000000000E-01 3.50000000000E-01 7.48948569638E+05 9.34487077026E+02 
3.50000000000E-01 3.75000000000E-01 4.00000000000E-01 5.43912088663E+05 8.01287069249E+02 
4.00000000000E-01 4.25000000000E-01 4.50000000000E-01 4.06456454258E+05 6.97360171935E+02 
4.50000000000E-01 4.75000000000E-01 5.00000000000E-01 3.12947902911E+05 6.31233152339E+02 
5.00000000000E-01 5.25000000000E-01 5.50000000000E-01 2.43135247036E+05 5.70979262493E+02 
5.50000000000E-01 5.75000000000E-01 6.00000000000E-01 1.92441273326E+05 5.20986482656E+02 
6.00000000000E-01 6.25000000000E-01 6.50000000000E-01 1.54800952229E+05 4.79982599615E+02 
6.50000000000E-01 6.75000000000E-01 7.00000000000E-01 1.24034514539E+05 4.53448570844E+02 
7.00000000000E-01 7.25000000000E-01 7.50000000000E-01 1.00729812517E+05 4.49228046426E+02 
7.50000000000E-01 7.75000000000E-01 8.00000000000E-01 -1.13279817146E+05 2.94269542974E+02 
8.00000000000E-01 8.25000000000E-01 8.50000000000E-01 -2.71230574834E+04 1.63526854103E+02 
8.50000000000E-01 8.75000000000E-01 9.00000000000E-01 -9.38362889305E+03 1.20433370260E+02 
9.00000000000E-01 9.25000000000E-01 9.50000000000E-01 -2.77588882790E+03 8.66864414815E+01 
9.50000000000E-01 9.75000000000E-01 1.00000000000E+00 -4.61236109242E+02 5.22902336171E+01 
#nx: 3
