#labels: C_lower[1] C_center[2] C_upper[3] tot_scale01[4] tot_scale01_Err[5]
#neval: 2347800000
#overflow:lower center upper 0.00000000000E+00 0.00000000000E+00 
0.00000000000E+00 2.50000000000E-02 5.00000000000E-02 8.84252014981E+05 4.22844618149E+03 
5.00000000000E-02 7.50000000000E-02 1.00000000000E-01 1.37264626841E+07 4.38082084808E+04 
1.00000000000E-01 1.25000000000E-01 1.50000000000E-01 4.19104584192E+06 2.97538557652E+04 
1.50000000000E-01 1.75000000000E-01 2.00000000000E-01 1.59495759219E+06 2.34532590822E+04 
2.00000000000E-01 2.25000000000E-01 2.50000000000E-01 5.62607921844E+05 1.59928251400E+04 
2.50000000000E-01 2.75000000000E-01 3.00000000000E-01 1.48179814098E+05 1.30963216234E+04 
3.00000000000E-01 3.25000000000E-01 3.50000000000E-01 -9.82191187565E+04 1.29273042163E+04 
3.50000000000E-01 3.75000000000E-01 4.00000000000E-01 -1.90857549775E+05 9.36473617284E+03 
4.00000000000E-01 4.25000000000E-01 4.50000000000E-01 -2.31909466154E+05 8.17365761774E+03 
4.50000000000E-01 4.75000000000E-01 5.00000000000E-01 -2.54452090289E+05 7.47540822933E+03 
5.00000000000E-01 5.25000000000E-01 5.50000000000E-01 -2.58456866735E+05 5.80383472031E+03 
5.50000000000E-01 5.75000000000E-01 6.00000000000E-01 -2.49170415671E+05 5.31661342891E+03 
6.00000000000E-01 6.25000000000E-01 6.50000000000E-01 -2.37536109022E+05 4.58195296865E+03 
6.50000000000E-01 6.75000000000E-01 7.00000000000E-01 -2.11391361984E+05 3.58021127497E+03 
7.00000000000E-01 7.25000000000E-01 7.50000000000E-01 -2.01656705036E+05 3.19990248624E+03 
7.50000000000E-01 7.75000000000E-01 8.00000000000E-01 -2.82600133732E+05 2.07140077097E+03 
8.00000000000E-01 8.25000000000E-01 8.50000000000E-01 -1.41313633195E+05 1.13090795231E+03 
8.50000000000E-01 8.75000000000E-01 9.00000000000E-01 -5.47790821043E+04 7.27741753997E+02 
9.00000000000E-01 9.25000000000E-01 9.50000000000E-01 -1.68204983760E+04 3.69964545861E+02 
9.50000000000E-01 9.75000000000E-01 1.00000000000E+00 -2.45230980301E+03 1.47846436008E+02 
#nx: 3
