#labels: C_lower[1] C_center[2] C_upper[3] tot_scale01[4] tot_scale01_Err[5]
#neval: 6282700000
#overflow:lower center upper 0.00000000000E+00 0.00000000000E+00 
0.00000000000E+00 2.50000000000E-02 5.00000000000E-02 -9.71270699286E+03 3.24328368115E+00 
5.00000000000E-02 7.50000000000E-02 1.00000000000E-01 5.07206661946E+04 2.21433539814E+01 
1.00000000000E-01 1.25000000000E-01 1.50000000000E-01 1.11326532385E+04 1.39465704586E+01 
1.50000000000E-01 1.75000000000E-01 2.00000000000E-01 2.09857152444E+03 1.02862293853E+01 
2.00000000000E-01 2.25000000000E-01 2.50000000000E-01 -7.75620425021E+02 8.02629392767E+00 
2.50000000000E-01 2.75000000000E-01 3.00000000000E-01 -1.79225431142E+03 6.42280911418E+00 
3.00000000000E-01 3.25000000000E-01 3.50000000000E-01 -2.08871650553E+03 5.30823742051E+00 
3.50000000000E-01 3.75000000000E-01 4.00000000000E-01 -2.09667568626E+03 4.40677934399E+00 
4.00000000000E-01 4.25000000000E-01 4.50000000000E-01 -1.96426158237E+03 3.67088535402E+00 
4.50000000000E-01 4.75000000000E-01 5.00000000000E-01 -1.79074468735E+03 3.09200837326E+00 
5.00000000000E-01 5.25000000000E-01 5.50000000000E-01 -1.59898538995E+03 2.62672428614E+00 
5.50000000000E-01 5.75000000000E-01 6.00000000000E-01 -1.40985480212E+03 2.18380605850E+00 
6.00000000000E-01 6.25000000000E-01 6.50000000000E-01 -1.22940023872E+03 1.86374866373E+00 
6.50000000000E-01 6.75000000000E-01 7.00000000000E-01 -1.05738031764E+03 1.52578763978E+00 
7.00000000000E-01 7.25000000000E-01 7.50000000000E-01 -9.02420333217E+02 1.22409906558E+00 
7.50000000000E-01 7.75000000000E-01 8.00000000000E-01 -1.23982019745E+03 7.79847873830E-01 
8.00000000000E-01 8.25000000000E-01 8.50000000000E-01 -2.44935143358E+02 5.04153411002E-01 
8.50000000000E-01 8.75000000000E-01 9.00000000000E-01 -7.95263614168E+01 3.28615701197E-01 
9.00000000000E-01 9.25000000000E-01 9.50000000000E-01 -2.23604639597E+01 1.98356890497E-01 
9.50000000000E-01 9.75000000000E-01 1.00000000000E+00 -3.17706218474E+00 7.05331410079E-02 
#nx: 3
